e: 0.1262847201360001
t: 0.09142586263567316
a: 0.08065153159139185
o: 0.07615898720934754
n: 0.07497676193976836
i: 0.07404768131872015
r: 0.06709746908366056
s: 0.06390775815452691
h: 0.04664179104477612
l: 0.04066748898180186
d: 0.03977772751209616
c: 0.034391445566390164
u: 0.025113893002428066
m: 0.02499063408979257
f: 0.023868492017770488
p: 0.021949805789899662
g: 0.019470932102452456
w: 0.01743207947946745
y: 0.014570175407593809
b: 0.013320798328980248
v: 0.011664534302204347
k: 0.0053425449121901735
x: 0.0024514828179726515
j: 0.0017234158358102926
z: 0.0011080048490674733
q: 0.0009639818902173952
